1111111111111	22222222222222	IonXpress_001	33333333333333333333333333333333333333333333333333333333333333333333	92.79	78.49	93.55	91.07	171	29087154
1111111111111	22222222222222	IonXpress_002	33333333333333333333333333333333333333333333333333333333333333333333	93.33	75.88	92.53	89.20	172	27831387
1111111111111	22222222222222	IonXpress_003	33333333333333333333333333333333333333333333333333333333333333333333	94.01	73.81	91.77	87.72	174	26579239
1111111111111	22222222222222	IonXpress_004	33333333333333333333333333333333333333333333333333333333333333333333	94.17	91.73	92.10	91.16	181	31744594
1111111111111	22222222222222	IonXpress_005	33333333333333333333333333333333333333333333333333333333333333333333	94.21	89.56	92.06	90.84	180	31109085
1111111111111	22222222222222	IonXpress_006	33333333333333333333333333333333333333333333333333333333333333333333	93.87	96.76	92.64	92.33	180	33633973
1111111111111	22222222222222	IonXpress_007	33333333333333333333333333333333333333333333333333333333333333333333	93.52	81.19	91.38	88.87	172	29669474
1111111111111	22222222222222	IonXpress_008	33333333333333333333333333333333333333333333333333333333333333333333	93.09	79.74	91.44	88.72	169	29824174
1111111111111	22222222222222	IonXpress_009	33333333333333333333333333333333333333333333333333333333333333333333	90.65	84.57	92.02	90.24	171	31959735
1111111111111	22222222222222	IonXpress_010	33333333333333333333333333333333333333333333333333333333333333333333	90.68	82.19	93.88	91.94	166	31778108
1111111111111	22222222222222	IonXpress_011	33333333333333333333333333333333333333333333333333333333333333333333	87.66	73.28	93.39	89.70	166	29000213
1111111111111	22222222222222	IonXpress_012	33333333333333333333333333333333333333333333333333333333333333333333	88.00	61.84	93.33	86.75	168	24204410
1111111111111	22222222222222	IonXpress_013	33333333333333333333333333333333333333333333333333333333333333333333	88.27	88.63	90.28	88.93	173	33672260
1111111111111	22222222222222	IonXpress_014	33333333333333333333333333333333333333333333333333333333333333333333	89.79	83.66	90.32	88.25	174	31143209
1111111111111	22222222222222	IonXpress_015	33333333333333333333333333333333333333333333333333333333333333333333	87.42	76.55	90.55	87.35	172	29377819
1111111111111	22222222222222	IonXpress_016	33333333333333333333333333333333333333333333333333333333333333333333	87.42	85.19	93.50	91.81	175	32146439
1111111111111	22222222222222	IonXpress_021	33333333333333333333333333333333333333333333333333333333333333333333	85.65	80.64	93.69	91.48	172	31651048
1111111111111	22222222222222	IonXpress_020	33333333333333333333333333333333333333333333333333333333333333333333	87.69	76.25	93.73	90.90	174	26603526
1111111111111	22222222222222	IonXpress_017	33333333333333333333333333333333333333333333333333333333333333333333	89.08	85.92	93.59	92.04	177	28665308
1111111111111	22222222222222	IonXpress_019	33333333333333333333333333333333333333333333333333333333333333333333	84.45	84.03	93.97	92.25	175	31146585
